10
1
10 13
1
3 17
1
6 11
1
10 5
1
9 10
2
13
1
2 19
2
2
2
3
1
5 25
2
8
1
9 22
1
5 5
1
1 30
2
11
1
9 12
2
7
2
5
2
8
2
9
1
4 30
1
9 3
2
9
2
10
2
10
1
6 14
1
3 1
2
3
1
10 11
2
8
1
2 14
2
1
2
5
2
4
1
11 4
1
12 24
1
5 18
2
13 
1
7 23
2
8
2
12
1
3 27
1
2 12
2
5
1
2 9
1
13 4
1
8 18
1
1 7
2
6
1
9 29
1
8 21
2
5
1
6 30
1
1 12
2
10
1
4 15
1
7 22
1
11 26
1
8 17
1
9 29
2
5
1
3 4
1
11 30
2
12
1
4 29
2
3
2
9
2
6
1
3 4
2
1
2
10
1
3 29
1
10 28
1
1 20
1
11 13
2
3
1
3 12
1
3 8
1
10 9
1
3 26
2
8
2
7
2
5
1
13 17
1
2 27
1
11 15
2
12
1
9 19
1
2 15
1
3 16
2
1
1
12 17
1
9 1
1
6 19
2
4
2
5
2
5
1
8 1
1
11 7
1
5 2
1
9 28
2
1
1
2 2
1
7 4
1
4 22
1
7 24
1
9 26
1
13 28
1
11 26
-1